Devices;Servers;Tech;ExeTime;DCovered;DServed;DServedEC;DServedCC;SUsed;SUsedEC;SUsedCC;TotalCost;CostNCoverage;CostNService;CostS;Avg.RTime;Temperature;Alpha;Heuristic
500;105;4;0.161742;92.2000;45.0000;97.7778;2.2222;94.2857;94.0000;100.0000;1933.176590;256.300000;1676.600000;0.276590;126.098464;100.000000;0.950000;Greedy_DescAsc
500;105;4;0.164284;92.2000;45.0000;97.7778;2.2222;94.2857;94.0000;100.0000;1933.176590;256.300000;1676.600000;0.276590;126.069829;100.000000;0.950000;Greedy_DescAsc
500;105;4;0.161409;92.2000;45.0000;97.7778;2.2222;95.2381;95.0000;100.0000;1933.178120;256.300000;1676.600000;0.278120;126.069828;100.000000;0.950000;Greedy_DescAsc
500;105;4;0.161996;92.2000;45.0000;97.7778;2.2222;94.2857;94.0000;100.0000;1933.176590;256.300000;1676.600000;0.276590;126.098469;100.000000;0.950000;Greedy_DescAsc
500;105;4;0.163609;92.2000;45.0000;97.7778;2.2222;95.2381;95.0000;100.0000;1933.177560;256.300000;1676.600000;0.277560;126.146267;100.000000;0.950000;Greedy_DescAsc
500;105;4;0.163194;92.2000;45.0000;97.7778;2.2222;94.2857;94.0000;100.0000;1933.176590;256.300000;1676.600000;0.276590;126.098469;100.000000;0.950000;Greedy_DescAsc
500;105;4;0.160063;92.2000;45.0000;97.7778;2.2222;94.2857;94.0000;100.0000;1933.176590;256.300000;1676.600000;0.276590;126.069829;100.000000;0.950000;Greedy_DescAsc
500;105;4;0.160477;92.2000;45.0000;97.7778;2.2222;94.2857;94.0000;100.0000;1933.177270;256.300000;1676.600000;0.277270;126.016166;100.000000;0.950000;Greedy_DescAsc
500;105;4;0.161315;92.2000;45.0000;97.7778;2.2222;95.2381;95.0000;100.0000;1933.177560;256.300000;1676.600000;0.277560;126.146262;100.000000;0.950000;Greedy_DescAsc
500;105;4;0.161380;92.2000;45.0000;97.7778;2.2222;94.2857;94.0000;100.0000;1933.176590;256.300000;1676.600000;0.276590;126.098464;100.000000;0.950000;Greedy_DescAsc
500;105;4;0.160345;92.2000;45.0000;97.7778;2.2222;94.2857;94.0000;100.0000;1933.176590;256.300000;1676.600000;0.276590;126.098464;100.000000;0.950000;Greedy_DescAsc
500;105;4;0.161614;92.2000;45.0000;97.7778;2.2222;94.2857;94.0000;100.0000;1933.176590;256.300000;1676.600000;0.276590;126.069829;100.000000;0.950000;Greedy_DescAsc
500;105;4;0.160637;92.2000;45.0000;97.7778;2.2222;94.2857;94.0000;100.0000;1933.177270;256.300000;1676.600000;0.277270;126.016199;100.000000;0.950000;Greedy_DescAsc
500;105;4;0.164177;92.2000;45.0000;97.7778;2.2222;93.3333;93.0000;100.0000;1933.175740;256.300000;1676.600000;0.275740;126.016170;100.000000;0.950000;Greedy_DescAsc
500;105;4;0.160058;92.2000;45.0000;97.7778;2.2222;95.2381;95.0000;100.0000;1933.178120;256.300000;1676.600000;0.278120;126.069828;100.000000;0.950000;Greedy_DescAsc
500;105;4;0.162821;92.2000;45.0000;97.7778;2.2222;93.3333;93.0000;100.0000;1933.175740;256.300000;1676.600000;0.275740;126.016170;100.000000;0.950000;Greedy_DescAsc
500;105;4;0.160937;92.2000;45.0000;97.7778;2.2222;95.2381;95.0000;100.0000;1933.177560;256.300000;1676.600000;0.277560;126.117627;100.000000;0.950000;Greedy_DescAsc
500;105;4;0.162448;92.2000;45.2000;97.7876;2.2124;94.2857;94.0000;100.0000;1929.676590;256.300000;1673.100000;0.276590;125.859109;100.000000;0.950000;Greedy_DescAsc
500;105;4;0.161316;92.2000;45.0000;97.7778;2.2222;95.2381;95.0000;100.0000;1933.178120;256.300000;1676.600000;0.278120;126.069828;100.000000;0.950000;Greedy_DescAsc
500;105;4;0.163036;92.2000;45.0000;97.7778;2.2222;94.2857;94.0000;100.0000;1933.176590;256.300000;1676.600000;0.276590;126.069829;100.000000;0.950000;Greedy_DescAsc
500;105;4;0.160739;92.2000;45.0000;97.7778;2.2222;95.2381;95.0000;100.0000;1933.178120;256.300000;1676.600000;0.278120;126.069828;100.000000;0.950000;Greedy_DescAsc
500;105;4;0.159125;92.2000;45.0000;97.7778;2.2222;93.3333;93.0000;100.0000;1933.175740;256.300000;1676.600000;0.275740;125.987531;100.000000;0.950000;Greedy_DescAsc
500;105;4;0.160184;92.2000;45.0000;97.7778;2.2222;95.2381;95.0000;100.0000;1933.178120;256.300000;1676.600000;0.278120;126.069828;100.000000;0.950000;Greedy_DescAsc
500;105;4;0.161411;92.2000;45.0000;97.7778;2.2222;94.2857;94.0000;100.0000;1933.176590;256.300000;1676.600000;0.276590;126.098469;100.000000;0.950000;Greedy_DescAsc
500;105;4;0.159890;92.2000;45.0000;97.7778;2.2222;94.2857;94.0000;100.0000;1933.177270;256.300000;1676.600000;0.277270;125.987529;100.000000;0.950000;Greedy_DescAsc
500;105;4;0.159329;92.2000;45.0000;97.7778;2.2222;94.2857;94.0000;100.0000;1933.176590;256.300000;1676.600000;0.276590;126.069829;100.000000;0.950000;Greedy_DescAsc
500;105;4;0.161328;92.2000;45.0000;97.7778;2.2222;94.2857;94.0000;100.0000;1933.176590;256.300000;1676.600000;0.276590;126.069829;100.000000;0.950000;Greedy_DescAsc
500;105;4;0.160815;92.2000;45.0000;97.7778;2.2222;94.2857;94.0000;100.0000;1933.176590;256.300000;1676.600000;0.276590;126.098469;100.000000;0.950000;Greedy_DescAsc
500;105;4;0.160545;92.2000;45.2000;97.7876;2.2124;94.2857;94.0000;100.0000;1929.676590;256.300000;1673.100000;0.276590;125.859069;100.000000;0.950000;Greedy_DescAsc
500;105;4;0.161730;92.2000;45.0000;97.7778;2.2222;94.2857;94.0000;100.0000;1933.176590;256.300000;1676.600000;0.276590;126.098469;100.000000;0.950000;Greedy_DescAsc
500;105;4;0.160648;92.2000;45.0000;97.7778;2.2222;94.2857;94.0000;100.0000;1933.176590;256.300000;1676.600000;0.276590;126.069829;100.000000;0.950000;Greedy_DescAsc
500;105;4;0.162764;92.2000;45.2000;97.7876;2.2124;96.1905;96.0000;100.0000;1929.679090;256.300000;1673.100000;0.279090;125.906717;100.000000;0.950000;Greedy_DescAsc
500;105;4;0.161167;92.2000;45.2000;97.7876;2.2124;95.2381;95.0000;100.0000;1929.678120;256.300000;1673.100000;0.278120;125.859047;100.000000;0.950000;Greedy_DescAsc
500;105;4;0.161193;92.2000;45.0000;97.7778;2.2222;94.2857;94.0000;100.0000;1933.176590;256.300000;1676.600000;0.276590;126.041231;100.000000;0.950000;Greedy_DescAsc
500;105;4;0.163123;92.2000;45.0000;97.7778;2.2222;94.2857;94.0000;100.0000;1933.176590;256.300000;1676.600000;0.276590;126.069829;100.000000;0.950000;Greedy_DescAsc
500;105;4;0.162678;92.2000;45.0000;97.7778;2.2222;94.2857;94.0000;100.0000;1933.176590;256.300000;1676.600000;0.276590;126.098469;100.000000;0.950000;Greedy_DescAsc
500;105;4;0.160415;92.2000;45.0000;97.7778;2.2222;94.2857;94.0000;100.0000;1933.176590;256.300000;1676.600000;0.276590;126.098469;100.000000;0.950000;Greedy_DescAsc
500;105;4;0.162384;92.2000;45.0000;97.7778;2.2222;94.2857;94.0000;100.0000;1933.176590;256.300000;1676.600000;0.276590;126.098464;100.000000;0.950000;Greedy_DescAsc
500;105;4;0.161671;92.2000;45.2000;97.7876;2.2124;94.2857;94.0000;100.0000;1929.676590;256.300000;1673.100000;0.276590;125.830568;100.000000;0.950000;Greedy_DescAsc
500;105;4;0.161548;92.2000;45.0000;97.7778;2.2222;94.2857;94.0000;100.0000;1933.176590;256.300000;1676.600000;0.276590;126.098469;100.000000;0.950000;Greedy_DescAsc
500;105;4;0.159788;92.2000;45.0000;97.7778;2.2222;94.2857;94.0000;100.0000;1933.176590;256.300000;1676.600000;0.276590;126.069829;100.000000;0.950000;Greedy_DescAsc
500;105;4;0.161361;92.2000;45.0000;97.7778;2.2222;94.2857;94.0000;100.0000;1933.176590;256.300000;1676.600000;0.276590;126.069829;100.000000;0.950000;Greedy_DescAsc
500;105;4;0.163818;92.2000;45.2000;97.7876;2.2124;94.2857;94.0000;100.0000;1929.676590;256.300000;1673.100000;0.276590;125.830633;100.000000;0.950000;Greedy_DescAsc
500;105;4;0.161034;92.2000;45.0000;97.7778;2.2222;94.2857;94.0000;100.0000;1933.176590;256.300000;1676.600000;0.276590;126.098469;100.000000;0.950000;Greedy_DescAsc
500;105;4;0.162986;92.2000;45.2000;97.7876;2.2124;94.2857;94.0000;100.0000;1929.676590;256.300000;1673.100000;0.276590;125.830568;100.000000;0.950000;Greedy_DescAsc
500;105;4;0.162031;92.2000;45.0000;97.7778;2.2222;94.2857;94.0000;100.0000;1933.176590;256.300000;1676.600000;0.276590;126.098464;100.000000;0.950000;Greedy_DescAsc
500;105;4;0.161012;92.2000;45.0000;97.7778;2.2222;95.2381;95.0000;100.0000;1933.177560;256.300000;1676.600000;0.277560;126.146267;100.000000;0.950000;Greedy_DescAsc
500;105;4;0.160260;92.2000;45.0000;97.7778;2.2222;95.2381;95.0000;100.0000;1933.178120;256.300000;1676.600000;0.278120;126.069828;100.000000;0.950000;Greedy_DescAsc
500;105;4;0.161676;92.2000;45.0000;97.7778;2.2222;93.3333;93.0000;100.0000;1933.175740;256.300000;1676.600000;0.275740;126.016165;100.000000;0.950000;Greedy_DescAsc
500;105;4;0.162481;92.2000;45.0000;97.7778;2.2222;94.2857;94.0000;100.0000;1933.177270;256.300000;1676.600000;0.277270;125.987532;100.000000;0.950000;Greedy_DescAsc
500;105;4;0.161203;92.2000;45.2000;97.7876;2.2124;94.2857;94.0000;100.0000;1929.676590;256.300000;1673.100000;0.276590;125.859136;100.000000;0.950000;Greedy_DescAsc
500;105;4;0.160285;92.2000;45.0000;97.7778;2.2222;94.2857;94.0000;100.0000;1933.176590;256.300000;1676.600000;0.276590;126.098469;100.000000;0.950000;Greedy_DescAsc
500;105;4;0.162072;92.2000;45.0000;97.7778;2.2222;94.2857;94.0000;100.0000;1933.176590;256.300000;1676.600000;0.276590;126.069829;100.000000;0.950000;Greedy_DescAsc
500;105;4;0.163340;92.2000;45.2000;97.7876;2.2124;95.2381;95.0000;100.0000;1929.678120;256.300000;1673.100000;0.278120;125.859082;100.000000;0.950000;Greedy_DescAsc
500;105;4;0.161422;92.2000;45.0000;97.7778;2.2222;94.2857;94.0000;100.0000;1933.176590;256.300000;1676.600000;0.276590;126.069829;100.000000;0.950000;Greedy_DescAsc
500;105;4;0.161340;92.2000;45.0000;97.7778;2.2222;94.2857;94.0000;100.0000;1933.176590;256.300000;1676.600000;0.276590;126.069829;100.000000;0.950000;Greedy_DescAsc
500;105;4;0.161039;92.2000;45.2000;97.7876;2.2124;95.2381;95.0000;100.0000;1929.677560;256.300000;1673.100000;0.277560;125.878244;100.000000;0.950000;Greedy_DescAsc
500;105;4;0.161373;92.2000;45.2000;97.7876;2.2124;95.2381;95.0000;100.0000;1929.678120;256.300000;1673.100000;0.278120;125.859126;100.000000;0.950000;Greedy_DescAsc
500;105;4;0.161792;92.2000;45.0000;97.7778;2.2222;94.2857;94.0000;100.0000;1933.176590;256.300000;1676.600000;0.276590;126.098464;100.000000;0.950000;Greedy_DescAsc
500;105;4;0.162439;92.2000;45.0000;97.7778;2.2222;94.2857;94.0000;100.0000;1933.176590;256.300000;1676.600000;0.276590;126.069829;100.000000;0.950000;Greedy_DescAsc
500;105;4;0.161619;92.2000;45.0000;97.7778;2.2222;95.2381;95.0000;100.0000;1933.178120;256.300000;1676.600000;0.278120;126.069828;100.000000;0.950000;Greedy_DescAsc
500;105;4;0.160863;92.2000;45.0000;97.7778;2.2222;94.2857;94.0000;100.0000;1933.176590;256.300000;1676.600000;0.276590;126.098464;100.000000;0.950000;Greedy_DescAsc
500;105;4;0.162836;92.2000;45.0000;97.7778;2.2222;94.2857;94.0000;100.0000;1933.176590;256.300000;1676.600000;0.276590;126.098464;100.000000;0.950000;Greedy_DescAsc
500;105;4;0.160659;92.2000;45.2000;97.7876;2.2124;96.1905;96.0000;100.0000;1929.679090;256.300000;1673.100000;0.279090;125.878234;100.000000;0.950000;Greedy_DescAsc
500;105;4;0.163282;92.2000;45.2000;97.7876;2.2124;95.2381;95.0000;100.0000;1929.677560;256.300000;1673.100000;0.277560;125.906662;100.000000;0.950000;Greedy_DescAsc
500;105;4;0.161049;92.2000;45.0000;97.7778;2.2222;94.2857;94.0000;100.0000;1933.176590;256.300000;1676.600000;0.276590;126.069829;100.000000;0.950000;Greedy_DescAsc
500;105;4;0.162943;92.2000;45.0000;97.7778;2.2222;95.2381;95.0000;100.0000;1933.178120;256.300000;1676.600000;0.278120;126.069828;100.000000;0.950000;Greedy_DescAsc
500;105;4;0.160616;92.2000;45.0000;97.7778;2.2222;94.2857;94.0000;100.0000;1933.176590;256.300000;1676.600000;0.276590;126.069829;100.000000;0.950000;Greedy_DescAsc
500;105;4;0.161185;92.2000;45.0000;97.7778;2.2222;95.2381;95.0000;100.0000;1933.178120;256.300000;1676.600000;0.278120;126.069828;100.000000;0.950000;Greedy_DescAsc
500;105;4;0.160303;92.2000;45.0000;97.7778;2.2222;94.2857;94.0000;100.0000;1933.176590;256.300000;1676.600000;0.276590;126.069829;100.000000;0.950000;Greedy_DescAsc
500;105;4;0.161746;92.2000;45.0000;97.7778;2.2222;95.2381;95.0000;100.0000;1933.178120;256.300000;1676.600000;0.278120;126.069828;100.000000;0.950000;Greedy_DescAsc
500;105;4;0.162026;92.2000;45.0000;97.7778;2.2222;94.2857;94.0000;100.0000;1933.176590;256.300000;1676.600000;0.276590;126.098464;100.000000;0.950000;Greedy_DescAsc
500;105;4;0.161838;92.2000;45.0000;97.7778;2.2222;94.2857;94.0000;100.0000;1933.176590;256.300000;1676.600000;0.276590;126.098469;100.000000;0.950000;Greedy_DescAsc
500;105;4;0.162466;92.2000;45.0000;97.7778;2.2222;94.2857;94.0000;100.0000;1933.176590;256.300000;1676.600000;0.276590;126.069829;100.000000;0.950000;Greedy_DescAsc
500;105;4;0.161268;92.2000;45.0000;97.7778;2.2222;94.2857;94.0000;100.0000;1933.176590;256.300000;1676.600000;0.276590;126.098469;100.000000;0.950000;Greedy_DescAsc
500;105;4;0.161059;92.2000;45.0000;97.7778;2.2222;94.2857;94.0000;100.0000;1933.176590;256.300000;1676.600000;0.276590;126.098464;100.000000;0.950000;Greedy_DescAsc
500;105;4;0.160521;92.2000;45.2000;97.7876;2.2124;95.2381;95.0000;100.0000;1929.677560;256.300000;1673.100000;0.277560;125.906694;100.000000;0.950000;Greedy_DescAsc
500;105;4;0.166296;92.2000;45.0000;97.7778;2.2222;94.2857;94.0000;100.0000;1933.176590;256.300000;1676.600000;0.276590;126.098464;100.000000;0.950000;Greedy_DescAsc
500;105;4;0.159344;92.2000;45.0000;97.7778;2.2222;94.2857;94.0000;100.0000;1933.176590;256.300000;1676.600000;0.276590;126.069829;100.000000;0.950000;Greedy_DescAsc
500;105;4;0.161116;92.2000;45.0000;97.7778;2.2222;94.2857;94.0000;100.0000;1933.176590;256.300000;1676.600000;0.276590;126.069829;100.000000;0.950000;Greedy_DescAsc
500;105;4;0.160755;92.2000;45.0000;97.7778;2.2222;95.2381;95.0000;100.0000;1933.177560;256.300000;1676.600000;0.277560;126.117627;100.000000;0.950000;Greedy_DescAsc
500;105;4;0.162047;92.2000;45.2000;97.7876;2.2124;94.2857;94.0000;100.0000;1929.676590;256.300000;1673.100000;0.276590;125.830568;100.000000;0.950000;Greedy_DescAsc
500;105;4;0.160234;92.2000;45.0000;97.7778;2.2222;94.2857;94.0000;100.0000;1933.176590;256.300000;1676.600000;0.276590;126.069829;100.000000;0.950000;Greedy_DescAsc
500;105;4;0.160030;92.2000;45.0000;97.7778;2.2222;94.2857;94.0000;100.0000;1933.176590;256.300000;1676.600000;0.276590;126.098469;100.000000;0.950000;Greedy_DescAsc
500;105;4;0.162539;92.2000;45.2000;97.7876;2.2124;94.2857;94.0000;100.0000;1929.676590;256.300000;1673.100000;0.276590;125.859075;100.000000;0.950000;Greedy_DescAsc
500;105;4;0.159570;92.2000;45.2000;97.7876;2.2124;95.2381;95.0000;100.0000;1929.678120;256.300000;1673.100000;0.278120;125.859082;100.000000;0.950000;Greedy_DescAsc
500;105;4;0.161512;92.2000;45.0000;97.7778;2.2222;95.2381;95.0000;100.0000;1933.177560;256.300000;1676.600000;0.277560;126.117627;100.000000;0.950000;Greedy_DescAsc
500;105;4;0.160145;92.2000;45.0000;97.7778;2.2222;95.2381;95.0000;100.0000;1933.177560;256.300000;1676.600000;0.277560;126.117627;100.000000;0.950000;Greedy_DescAsc
500;105;4;0.160897;92.2000;45.0000;97.7778;2.2222;94.2857;94.0000;100.0000;1933.176590;256.300000;1676.600000;0.276590;126.069829;100.000000;0.950000;Greedy_DescAsc
500;105;4;0.159532;92.2000;45.0000;97.7778;2.2222;94.2857;94.0000;100.0000;1933.176590;256.300000;1676.600000;0.276590;126.098499;100.000000;0.950000;Greedy_DescAsc
500;105;4;0.161169;92.2000;45.0000;97.7778;2.2222;95.2381;95.0000;100.0000;1933.178120;256.300000;1676.600000;0.278120;126.069828;100.000000;0.950000;Greedy_DescAsc
500;105;4;0.160536;92.2000;45.2000;97.7876;2.2124;95.2381;95.0000;100.0000;1929.678120;256.300000;1673.100000;0.278120;125.859106;100.000000;0.950000;Greedy_DescAsc
500;105;4;0.160851;92.2000;45.0000;97.7778;2.2222;94.2857;94.0000;100.0000;1933.176590;256.300000;1676.600000;0.276590;126.069829;100.000000;0.950000;Greedy_DescAsc
500;105;4;0.160917;92.2000;45.0000;97.7778;2.2222;94.2857;94.0000;100.0000;1933.176590;256.300000;1676.600000;0.276590;126.098464;100.000000;0.950000;Greedy_DescAsc
500;105;4;0.161309;92.2000;45.2000;97.7876;2.2124;96.1905;96.0000;100.0000;1929.679090;256.300000;1673.100000;0.279090;125.878169;100.000000;0.950000;Greedy_DescAsc
500;105;4;0.161909;92.2000;45.0000;97.7778;2.2222;95.2381;95.0000;100.0000;1933.178120;256.300000;1676.600000;0.278120;126.069828;100.000000;0.950000;Greedy_DescAsc
500;105;4;0.161680;92.2000;45.0000;97.7778;2.2222;94.2857;94.0000;100.0000;1933.176590;256.300000;1676.600000;0.276590;126.069829;100.000000;0.950000;Greedy_DescAsc
500;105;4;0.161764;92.2000;45.2000;97.7876;2.2124;95.2381;95.0000;100.0000;1929.678120;256.300000;1673.100000;0.278120;125.859127;100.000000;0.950000;Greedy_DescAsc
500;105;4;0.162195;92.2000;45.0000;97.7778;2.2222;94.2857;94.0000;100.0000;1933.176590;256.300000;1676.600000;0.276590;126.098464;100.000000;0.950000;Greedy_DescAsc
500;105;4;0.160985;92.2000;45.2000;97.7876;2.2124;94.2857;94.0000;100.0000;1929.676590;256.300000;1673.100000;0.276590;125.859082;100.000000;0.950000;Greedy_DescAsc
500;105;4;0.161433;92.2000;45.0000;97.7778;2.2222;95.2381;95.0000;100.0000;1933.178120;256.300000;1676.600000;0.278120;126.069828;100.000000;0.950000;Greedy_DescAsc
500;105;4;0.160116;92.2000;45.0000;97.7778;2.2222;94.2857;94.0000;100.0000;1933.176590;256.300000;1676.600000;0.276590;126.098469;100.000000;0.950000;Greedy_DescAsc
500;105;4;0.163963;92.2000;45.2000;97.7876;2.2124;95.2381;95.0000;100.0000;1929.678120;256.300000;1673.100000;0.278120;125.859220;100.000000;0.950000;Greedy_DescAsc
500;105;4;0.162417;92.2000;45.0000;97.7778;2.2222;95.2381;95.0000;100.0000;1933.178120;256.300000;1676.600000;0.278120;126.069828;100.000000;0.950000;Greedy_DescAsc
500;105;4;0.162957;92.2000;45.2000;97.7876;2.2124;95.2381;95.0000;100.0000;1929.677560;256.300000;1673.100000;0.277560;125.878146;100.000000;0.950000;Greedy_DescAsc
500;105;4;0.162304;92.2000;45.2000;97.7876;2.2124;95.2381;95.0000;100.0000;1929.678120;256.300000;1673.100000;0.278120;125.859104;100.000000;0.950000;Greedy_DescAsc
500;105;4;0.160383;92.2000;45.0000;97.7778;2.2222;95.2381;95.0000;100.0000;1933.178120;256.300000;1676.600000;0.278120;126.069828;100.000000;0.950000;Greedy_DescAsc
500;105;4;0.161585;92.2000;45.0000;97.7778;2.2222;94.2857;94.0000;100.0000;1933.176590;256.300000;1676.600000;0.276590;126.069829;100.000000;0.950000;Greedy_DescAsc
500;105;4;0.158812;92.2000;45.0000;97.7778;2.2222;95.2381;95.0000;100.0000;1933.178120;256.300000;1676.600000;0.278120;126.069828;100.000000;0.950000;Greedy_DescAsc
500;105;4;0.170146;92.2000;45.0000;97.7778;2.2222;94.2857;94.0000;100.0000;1933.176590;256.300000;1676.600000;0.276590;126.069829;100.000000;0.950000;Greedy_DescAsc
500;105;4;0.161681;92.2000;45.0000;97.7778;2.2222;95.2381;95.0000;100.0000;1933.178120;256.300000;1676.600000;0.278120;126.069828;100.000000;0.950000;Greedy_DescAsc
500;105;4;0.159957;92.2000;45.0000;97.7778;2.2222;94.2857;94.0000;100.0000;1933.176590;256.300000;1676.600000;0.276590;126.098464;100.000000;0.950000;Greedy_DescAsc
500;105;4;0.160739;92.2000;45.2000;97.7876;2.2124;96.1905;96.0000;100.0000;1929.679090;256.300000;1673.100000;0.279090;125.878186;100.000000;0.950000;Greedy_DescAsc
500;105;4;0.162110;92.2000;45.2000;97.7876;2.2124;94.2857;94.0000;100.0000;1929.676590;256.300000;1673.100000;0.276590;125.859079;100.000000;0.950000;Greedy_DescAsc
500;105;4;0.161878;92.2000;45.0000;97.7778;2.2222;94.2857;94.0000;100.0000;1933.176590;256.300000;1676.600000;0.276590;126.069829;100.000000;0.950000;Greedy_DescAsc
500;105;4;0.161376;92.2000;45.0000;97.7778;2.2222;94.2857;94.0000;100.0000;1933.176590;256.300000;1676.600000;0.276590;126.098469;100.000000;0.950000;Greedy_DescAsc
500;105;4;0.162388;92.2000;45.2000;97.7876;2.2124;94.2857;94.0000;100.0000;1929.676590;256.300000;1673.100000;0.276590;125.830567;100.000000;0.950000;Greedy_DescAsc
500;105;4;0.160160;92.2000;45.0000;97.7778;2.2222;95.2381;95.0000;100.0000;1933.178120;256.300000;1676.600000;0.278120;126.069828;100.000000;0.950000;Greedy_DescAsc
500;105;4;0.159804;92.2000;45.0000;97.7778;2.2222;95.2381;95.0000;100.0000;1933.178120;256.300000;1676.600000;0.278120;126.069828;100.000000;0.950000;Greedy_DescAsc
500;105;4;0.160984;92.2000;45.0000;97.7778;2.2222;94.2857;94.0000;100.0000;1933.176590;256.300000;1676.600000;0.276590;126.098469;100.000000;0.950000;Greedy_DescAsc