Devices;Servers;Tech;ExeTime;DCovered;DServed;DServedEC;DServedCC;SUsed;SUsedEC;SUsedCC;TotalCost;CostNCoverage;CostNService;CostS;Avg.RTime;Temperature;Alpha;Heuristic
500;105;4;0.216731;92.2000;62.2000;69.7749;30.2251;89.5238;89.0000;100.0000;1389.772220;256.300000;1133.200000;0.272220;152.385850;100.000000;0.950000;Random
500;105;4;0.204099;92.2000;62.6000;68.6901;31.3099;88.5714;88.0000;100.0000;1370.171490;256.300000;1113.600000;0.271490;154.295041;100.000000;0.950000;Random
500;105;4;0.208291;92.2000;62.6000;69.6486;30.3514;90.4762;90.0000;100.0000;1375.773870;256.300000;1119.200000;0.273870;151.881549;100.000000;0.950000;Random
500;105;4;0.214201;92.2000;62.8000;70.7006;29.2994;89.5238;89.0000;100.0000;1369.072340;256.300000;1112.500000;0.272340;150.558462;100.000000;0.950000;Random
500;105;4;0.203013;92.2000;62.6000;70.6070;29.3930;91.4286;91.0000;100.0000;1368.374840;256.300000;1111.800000;0.274840;150.317733;100.000000;0.950000;Random
500;105;4;0.205128;92.2000;62.6000;68.3706;31.6294;91.4286;91.0000;100.0000;1377.774720;256.300000;1121.200000;0.274720;153.046772;100.000000;0.950000;Random
500;105;4;0.216740;92.2000;62.4000;70.1923;29.8077;92.3810;92.0000;100.0000;1368.875690;256.300000;1112.300000;0.275690;151.619332;100.000000;0.950000;Random
500;105;4;0.206324;92.2000;62.0000;68.0645;31.9355;89.5238;89.0000;100.0000;1396.073020;256.300000;1139.500000;0.273020;152.555368;100.000000;0.950000;Random
500;105;4;0.223200;92.2000;62.4000;68.9103;31.0897;90.4762;90.0000;100.0000;1384.673190;256.300000;1128.100000;0.273190;153.794033;100.000000;0.950000;Random
500;105;4;0.205681;92.2000;62.8000;70.0637;29.9363;89.5238;89.0000;100.0000;1369.472340;256.300000;1112.900000;0.272340;149.868775;100.000000;0.950000;Random
500;105;4;0.209168;92.2000;62.6000;69.3291;30.6709;92.3810;92.0000;100.0000;1376.575010;256.300000;1120.000000;0.275010;151.344479;100.000000;0.950000;Random
500;105;4;0.202274;92.2000;62.8000;69.4268;30.5732;93.3333;93.0000;100.0000;1366.276540;256.300000;1109.700000;0.276540;153.735105;100.000000;0.950000;Random
500;105;4;0.208909;92.2000;62.4000;69.2308;30.7692;91.4286;91.0000;100.0000;1377.874720;256.300000;1121.300000;0.274720;153.005079;100.000000;0.950000;Random
500;105;4;0.211249;92.2000;62.6000;68.3706;31.6294;88.5714;88.0000;100.0000;1377.772290;256.300000;1121.200000;0.272290;151.526801;100.000000;0.950000;Random
500;105;4;0.205937;92.2000;62.8000;69.1083;30.8917;90.4762;90.0000;100.0000;1371.873870;256.300000;1115.300000;0.273870;151.466767;100.000000;0.950000;Random
500;105;4;0.210247;92.2000;62.0000;68.3871;31.6129;90.4762;90.0000;100.0000;1396.673870;256.300000;1140.100000;0.273870;154.155507;100.000000;0.950000;Random
500;105;4;0.207607;92.2000;62.8000;69.1083;30.8917;90.4762;90.0000;100.0000;1371.873870;256.300000;1115.300000;0.273870;153.030932;100.000000;0.950000;Random
500;105;4;0.218161;92.2000;62.6000;69.3291;30.6709;90.4762;90.0000;100.0000;1374.973990;256.300000;1118.400000;0.273990;154.209391;100.000000;0.950000;Random
500;105;4;0.211709;92.2000;61.8000;69.2557;30.7443;87.6190;87.0000;100.0000;1408.770400;256.300000;1152.200000;0.270400;152.579378;100.000000;0.950000;Random
500;105;4;0.203339;92.2000;62.2000;68.1672;31.8328;92.3810;92.0000;100.0000;1380.775570;256.300000;1124.200000;0.275570;155.707922;100.000000;0.950000;Random
500;105;4;0.202461;92.2000;62.2000;69.1318;30.8682;88.5714;88.0000;100.0000;1392.172290;256.300000;1135.600000;0.272290;152.654809;100.000000;0.950000;Random
500;105;4;0.212900;92.2000;62.4000;68.9103;31.0897;91.4286;91.0000;100.0000;1379.274720;256.300000;1122.700000;0.274720;152.367903;100.000000;0.950000;Random
500;105;4;0.214177;92.2000;62.6000;68.3706;31.6294;91.4286;91.0000;100.0000;1378.774720;256.300000;1122.200000;0.274720;153.712428;100.000000;0.950000;Random
500;105;4;0.219711;92.2000;62.2000;69.4534;30.5466;89.5238;89.0000;100.0000;1389.372340;256.300000;1132.800000;0.272340;152.035269;100.000000;0.950000;Random
500;105;4;0.214176;92.2000;62.8000;68.4713;31.5287;89.5238;89.0000;100.0000;1362.472460;256.300000;1105.900000;0.272460;152.908074;100.000000;0.950000;Random
500;105;4;0.202987;92.2000;63.0000;68.5714;31.4286;91.4286;91.0000;100.0000;1367.174720;256.300000;1110.600000;0.274720;151.816768;100.000000;0.950000;Random
500;105;4;0.203795;92.2000;63.2000;70.2532;29.7468;88.5714;88.0000;100.0000;1358.072170;256.300000;1101.500000;0.272170;149.582919;100.000000;0.950000;Random
500;105;4;0.203171;92.2000;62.8000;68.7898;31.2102;89.5238;89.0000;100.0000;1366.872460;256.300000;1110.300000;0.272460;153.739011;100.000000;0.950000;Random
500;105;4;0.204092;92.2000;63.0000;68.8889;31.1111;90.4762;90.0000;100.0000;1364.173870;256.300000;1107.600000;0.273870;153.350301;100.000000;0.950000;Random
500;105;4;0.206584;92.2000;62.4000;69.8718;30.1282;91.4286;91.0000;100.0000;1378.274040;256.300000;1121.700000;0.274040;151.945227;100.000000;0.950000;Random
500;105;4;0.207103;92.2000;62.6000;69.9681;30.0319;94.2857;94.0000;100.0000;1377.177390;256.300000;1120.600000;0.277390;150.614451;100.000000;0.950000;Random
500;105;4;0.205390;92.2000;63.0000;69.5238;30.4762;90.4762;90.0000;100.0000;1365.773990;256.300000;1109.200000;0.273990;150.940829;100.000000;0.950000;Random
500;105;4;0.211274;92.2000;62.8000;68.7898;31.2102;92.3810;92.0000;100.0000;1375.875010;256.300000;1119.300000;0.275010;150.202343;100.000000;0.950000;Random
500;105;4;0.209093;92.2000;62.4000;68.5897;31.4103;91.4286;91.0000;100.0000;1379.274720;256.300000;1122.700000;0.274720;153.126112;100.000000;0.950000;Random
500;105;4;0.209924;92.2000;62.8000;67.8344;32.1656;91.4286;91.0000;100.0000;1370.074160;256.300000;1113.500000;0.274160;154.260330;100.000000;0.950000;Random
500;105;4;0.208793;92.2000;62.6000;70.2875;29.7125;90.4762;90.0000;100.0000;1381.573190;256.300000;1125.000000;0.273190;149.702400;100.000000;0.950000;Random
500;105;4;0.209563;92.2000;62.8000;69.4268;30.5732;93.3333;93.0000;100.0000;1369.876540;256.300000;1113.300000;0.276540;151.758244;100.000000;0.950000;Random
500;105;4;0.210406;92.2000;62.6000;69.0096;30.9904;92.3810;92.0000;100.0000;1371.774890;256.300000;1115.200000;0.274890;155.802175;100.000000;0.950000;Random
500;105;4;0.204209;92.2000;62.0000;68.7097;31.2903;93.3333;93.0000;100.0000;1397.276540;256.300000;1140.700000;0.276540;153.098771;100.000000;0.950000;Random
500;105;4;0.213555;92.2000;62.0000;69.0323;30.9677;89.5238;89.0000;100.0000;1397.073020;256.300000;1140.500000;0.273020;151.319948;100.000000;0.950000;Random
500;105;4;0.211438;92.2000;62.8000;68.7898;31.2102;91.4286;91.0000;100.0000;1372.474720;256.300000;1115.900000;0.274720;153.100496;100.000000;0.950000;Random
500;105;4;0.208173;92.2000;62.6000;69.0096;30.9904;91.4286;91.0000;100.0000;1370.374040;256.300000;1113.800000;0.274040;153.677752;100.000000;0.950000;Random
500;105;4;0.207809;92.2000;62.8000;68.7898;31.2102;92.3810;92.0000;100.0000;1368.675690;256.300000;1112.100000;0.275690;153.877244;100.000000;0.950000;Random
500;105;4;0.207491;92.2000;62.4000;68.5897;31.4103;90.4762;90.0000;100.0000;1384.473630;256.300000;1127.900000;0.273630;152.902859;100.000000;0.950000;Random
500;105;4;0.214418;92.2000;62.8000;68.7898;31.2102;88.5714;88.0000;100.0000;1370.071490;256.300000;1113.500000;0.271490;152.709036;100.000000;0.950000;Random
500;105;4;0.208444;92.2000;62.4000;68.5897;31.4103;90.4762;90.0000;100.0000;1386.673870;256.300000;1130.100000;0.273870;153.149780;100.000000;0.950000;Random
500;105;4;0.210565;92.2000;62.0000;69.3548;30.6452;91.4286;91.0000;100.0000;1393.674040;256.300000;1137.100000;0.274040;152.683557;100.000000;0.950000;Random
500;105;4;0.211293;92.2000;62.6000;69.9681;30.0319;90.4762;90.0000;100.0000;1376.973190;256.300000;1120.400000;0.273190;150.236648;100.000000;0.950000;Random
500;105;4;0.201171;92.2000;62.2000;67.8457;32.1543;90.4762;90.0000;100.0000;1391.373870;256.300000;1134.800000;0.273870;153.967362;100.000000;0.950000;Random
500;105;4;0.201953;92.2000;62.4000;68.9103;31.0897;89.5238;89.0000;100.0000;1380.073020;256.300000;1123.500000;0.273020;153.294195;100.000000;0.950000;Random
500;105;4;0.208969;92.2000;62.6000;69.3291;30.6709;90.4762;90.0000;100.0000;1382.573990;256.300000;1126.000000;0.273990;150.112479;100.000000;0.950000;Random
500;105;4;0.203402;92.2000;62.6000;68.6901;31.3099;92.3810;92.0000;100.0000;1376.174890;256.300000;1119.600000;0.274890;153.556003;100.000000;0.950000;Random
500;105;4;0.206885;92.2000;62.6000;69.0096;30.9904;91.4286;91.0000;100.0000;1375.774040;256.300000;1119.200000;0.274040;153.205563;100.000000;0.950000;Random
500;105;4;0.216157;92.2000;62.2000;68.1672;31.8328;93.3333;93.0000;100.0000;1393.776180;256.300000;1137.200000;0.276180;152.764902;100.000000;0.950000;Random
500;105;4;0.209274;92.2000;62.2000;68.1672;31.8328;91.4286;91.0000;100.0000;1391.974720;256.300000;1135.400000;0.274720;153.445392;100.000000;0.950000;Random
500;105;4;0.206507;92.2000;63.2000;69.6203;30.3797;94.2857;94.0000;100.0000;1347.877390;256.300000;1091.300000;0.277390;153.354368;100.000000;0.950000;Random
500;105;4;0.210618;92.2000;62.4000;70.5128;29.4872;92.3810;92.0000;100.0000;1378.675690;256.300000;1122.100000;0.275690;152.105003;100.000000;0.950000;Random
500;105;4;0.206286;92.2000;62.8000;68.7898;31.2102;93.3333;93.0000;100.0000;1368.276420;256.300000;1111.700000;0.276420;152.930942;100.000000;0.950000;Random
500;105;4;0.208480;92.2000;62.8000;68.7898;31.2102;90.4762;90.0000;100.0000;1370.673190;256.300000;1114.100000;0.273190;152.218779;100.000000;0.950000;Random
500;105;4;0.203276;92.2000;62.8000;69.4268;30.5732;91.4286;91.0000;100.0000;1370.074160;256.300000;1113.500000;0.274160;151.699313;100.000000;0.950000;Random
500;105;4;0.203832;92.2000;62.2000;69.1318;30.8682;92.3810;92.0000;100.0000;1394.574890;256.300000;1138.000000;0.274890;152.571831;100.000000;0.950000;Random
500;105;4;0.206153;92.2000;62.6000;68.6901;31.3099;89.5238;89.0000;100.0000;1379.372460;256.300000;1122.800000;0.272460;153.127792;100.000000;0.950000;Random
500;105;4;0.213880;92.2000;62.8000;69.7452;30.2548;90.4762;90.0000;100.0000;1370.473870;256.300000;1113.900000;0.273870;150.635503;100.000000;0.950000;Random
500;105;4;0.208969;92.2000;62.4000;69.2308;30.7692;87.6190;87.0000;100.0000;1384.471320;256.300000;1127.900000;0.271320;152.574038;100.000000;0.950000;Random
500;105;4;0.207115;92.2000;62.0000;68.0645;31.9355;91.4286;91.0000;100.0000;1391.874720;256.300000;1135.300000;0.274720;155.467889;100.000000;0.950000;Random
500;105;4;0.212847;92.2000;62.6000;68.3706;31.6294;90.4762;90.0000;100.0000;1373.373990;256.300000;1116.800000;0.273990;154.638663;100.000000;0.950000;Random
500;105;4;0.206261;92.2000;62.4000;70.1923;29.8077;91.4286;91.0000;100.0000;1381.074040;256.300000;1124.500000;0.274040;151.499074;100.000000;0.950000;Random
500;105;4;0.208603;92.2000;62.6000;69.0096;30.9904;92.3810;92.0000;100.0000;1370.975570;256.300000;1114.400000;0.275570;152.800257;100.000000;0.950000;Random
500;105;4;0.208547;92.2000;62.6000;69.0096;30.9904;88.5714;88.0000;100.0000;1381.371610;256.300000;1124.800000;0.271610;151.416449;100.000000;0.950000;Random
500;105;4;0.208372;92.2000;62.6000;68.0511;31.9489;90.4762;90.0000;100.0000;1377.573870;256.300000;1121.000000;0.273870;153.880004;100.000000;0.950000;Random
500;105;4;0.202701;92.2000;62.2000;69.7749;30.2251;91.4286;91.0000;100.0000;1387.174840;256.300000;1130.600000;0.274840;151.091099;100.000000;0.950000;Random
500;105;4;0.204459;92.2000;62.6000;69.6486;30.3514;91.4286;91.0000;100.0000;1375.374040;256.300000;1118.800000;0.274040;152.474380;100.000000;0.950000;Random
500;105;4;0.208161;92.2000;62.8000;68.7898;31.2102;90.4762;90.0000;100.0000;1371.473190;256.300000;1114.900000;0.273190;153.230709;100.000000;0.950000;Random
500;105;4;0.211142;92.2000;62.2000;67.8457;32.1543;89.5238;89.0000;100.0000;1389.572340;256.300000;1133.000000;0.272340;154.848046;100.000000;0.950000;Random
500;105;4;0.213409;92.2000;62.8000;69.1083;30.8917;89.5238;89.0000;100.0000;1371.073020;256.300000;1114.500000;0.273020;151.252993;100.000000;0.950000;Random
500;105;4;0.205079;92.2000;62.6000;69.3291;30.6709;91.4286;91.0000;100.0000;1381.574720;256.300000;1125.000000;0.274720;151.342110;100.000000;0.950000;Random
500;105;4;0.212985;92.2000;62.4000;69.8718;30.1282;91.4286;91.0000;100.0000;1381.474840;256.300000;1124.900000;0.274840;152.307532;100.000000;0.950000;Random
500;105;4;0.204735;92.2000;62.6000;68.6901;31.3099;91.4286;91.0000;100.0000;1380.574720;256.300000;1124.000000;0.274720;152.413221;100.000000;0.950000;Random
500;105;4;0.210699;92.2000;62.8000;68.7898;31.2102;89.5238;89.0000;100.0000;1367.872340;256.300000;1111.300000;0.272340;152.991505;100.000000;0.950000;Random
500;105;4;0.202588;92.2000;62.6000;69.3291;30.6709;90.4762;90.0000;100.0000;1377.973870;256.300000;1121.400000;0.273870;151.732305;100.000000;0.950000;Random
500;105;4;0.208710;92.2000;62.8000;69.4268;30.5732;90.4762;90.0000;100.0000;1366.073870;256.300000;1109.500000;0.273870;152.367712;100.000000;0.950000;Random
500;105;4;0.205100;92.2000;62.8000;69.4268;30.5732;92.3810;92.0000;100.0000;1367.874890;256.300000;1111.300000;0.274890;152.561130;100.000000;0.950000;Random
500;105;4;0.209838;92.2000;62.6000;68.0511;31.9489;92.3810;92.0000;100.0000;1378.775010;256.300000;1122.200000;0.275010;154.829306;100.000000;0.950000;Random
500;105;4;0.208003;92.2000;63.4000;70.3470;29.6530;90.4762;90.0000;100.0000;1346.773190;256.300000;1090.200000;0.273190;151.265428;100.000000;0.950000;Random
500;105;4;0.208480;92.2000;62.2000;69.4534;30.5466;92.3810;92.0000;100.0000;1392.175570;256.300000;1135.600000;0.275570;152.591689;100.000000;0.950000;Random
500;105;4;0.203327;92.2000;62.0000;68.3871;31.6129;91.4286;91.0000;100.0000;1398.674720;256.300000;1142.100000;0.274720;153.565629;100.000000;0.950000;Random
500;105;4;0.211839;92.2000;62.6000;69.3291;30.6709;91.4286;91.0000;100.0000;1376.974160;256.300000;1120.400000;0.274160;153.917415;100.000000;0.950000;Random
500;105;4;0.209350;92.2000;62.8000;68.7898;31.2102;89.5238;89.0000;100.0000;1372.073020;256.300000;1115.500000;0.273020;153.182473;100.000000;0.950000;Random
500;105;4;0.207479;92.2000;62.2000;69.1318;30.8682;90.4762;90.0000;100.0000;1385.773190;256.300000;1129.200000;0.273190;153.633946;100.000000;0.950000;Random
500;105;4;0.207471;92.2000;62.8000;68.7898;31.2102;88.5714;88.0000;100.0000;1371.671490;256.300000;1115.100000;0.271490;153.068497;100.000000;0.950000;Random
500;105;4;0.201813;92.2000;62.4000;68.5897;31.4103;91.4286;91.0000;100.0000;1378.874040;256.300000;1122.300000;0.274040;154.413783;100.000000;0.950000;Random
500;105;4;0.206363;92.2000;62.8000;69.7452;30.2548;91.4286;91.0000;100.0000;1357.874840;256.300000;1101.300000;0.274840;151.889109;100.000000;0.950000;Random
500;105;4;0.208323;92.2000;62.2000;67.8457;32.1543;90.4762;90.0000;100.0000;1394.372950;256.300000;1137.800000;0.272950;153.389102;100.000000;0.950000;Random
500;105;4;0.208045;92.2000;62.6000;69.3291;30.6709;90.4762;90.0000;100.0000;1378.773990;256.300000;1122.200000;0.273990;152.146985;100.000000;0.950000;Random
500;105;4;0.206826;92.2000;62.6000;69.3291;30.6709;90.4762;90.0000;100.0000;1378.373870;256.300000;1121.800000;0.273870;152.961998;100.000000;0.950000;Random
500;105;4;0.251019;92.2000;62.2000;69.1318;30.8682;89.5238;89.0000;100.0000;1383.572340;256.300000;1127.000000;0.272340;153.521858;100.000000;0.950000;Random
500;105;4;0.209200;92.2000;62.8000;69.1083;30.8917;92.3810;92.0000;100.0000;1372.275010;256.300000;1115.700000;0.275010;152.478725;100.000000;0.950000;Random
500;105;4;0.215667;92.2000;62.6000;68.6901;31.3099;90.4762;90.0000;100.0000;1379.573190;256.300000;1123.000000;0.273190;153.394366;100.000000;0.950000;Random
500;105;4;0.206035;92.2000;62.8000;68.7898;31.2102;90.4762;90.0000;100.0000;1370.673870;256.300000;1114.100000;0.273870;154.178645;100.000000;0.950000;Random
500;105;4;0.209671;92.2000;62.8000;69.4268;30.5732;90.4762;90.0000;100.0000;1368.273190;256.300000;1111.700000;0.273190;151.896869;100.000000;0.950000;Random
500;105;4;0.212717;92.2000;62.4000;70.1923;29.8077;90.4762;90.0000;100.0000;1379.073190;256.300000;1122.500000;0.273190;151.608567;100.000000;0.950000;Random
500;105;4;0.203506;92.2000;62.4000;67.3077;32.6923;91.4286;91.0000;100.0000;1381.074840;256.300000;1124.500000;0.274840;156.712632;100.000000;0.950000;Random
500;105;4;0.212556;92.2000;61.8000;68.9320;31.0680;88.5714;88.0000;100.0000;1403.970810;256.300000;1147.400000;0.270810;152.670735;100.000000;0.950000;Random
500;105;4;0.214335;92.2000;62.8000;69.4268;30.5732;91.4286;91.0000;100.0000;1371.474040;256.300000;1114.900000;0.274040;151.803908;100.000000;0.950000;Random
500;105;4;0.204949;92.2000;63.0000;68.2540;31.7460;88.5714;88.0000;100.0000;1364.771490;256.300000;1108.200000;0.271490;153.410395;100.000000;0.950000;Random
500;105;4;0.207591;92.2000;63.0000;68.2540;31.7460;90.4762;90.0000;100.0000;1363.573190;256.300000;1107.000000;0.273190;154.453832;100.000000;0.950000;Random
500;105;4;0.207271;92.2000;62.4000;69.2308;30.7692;90.4762;90.0000;100.0000;1384.473310;256.300000;1127.900000;0.273310;153.795571;100.000000;0.950000;Random
500;105;4;0.203230;92.2000;62.6000;70.6070;29.3930;88.5714;88.0000;100.0000;1372.971610;256.300000;1116.400000;0.271610;150.805001;100.000000;0.950000;Random
500;105;4;0.208408;92.2000;62.6000;69.3291;30.6709;93.3333;93.0000;100.0000;1371.375860;256.300000;1114.800000;0.275860;152.866005;100.000000;0.950000;Random
500;105;4;0.203657;92.2000;62.4000;67.9487;32.0513;91.4286;91.0000;100.0000;1375.674720;256.300000;1119.100000;0.274720;155.399870;100.000000;0.950000;Random
500;105;4;0.211317;92.2000;62.6000;70.2875;29.7125;91.4286;91.0000;100.0000;1376.574840;256.300000;1120.000000;0.274840;150.977960;100.000000;0.950000;Random
500;105;4;0.211533;92.2000;63.0000;70.1587;29.8413;93.3333;93.0000;100.0000;1363.776540;256.300000;1107.200000;0.276540;151.531128;100.000000;0.950000;Random
500;105;4;0.205998;92.2000;62.8000;68.7898;31.2102;91.4286;91.0000;100.0000;1370.874720;256.300000;1114.300000;0.274720;151.455138;100.000000;0.950000;Random
500;105;4;0.204535;92.2000;62.8000;68.7898;31.2102;95.2381;95.0000;100.0000;1372.278240;256.300000;1115.700000;0.278240;153.312083;100.000000;0.950000;Random
500;105;4;0.208499;92.2000;62.6000;68.6901;31.3099;91.4286;91.0000;100.0000;1377.374720;256.300000;1120.800000;0.274720;152.796013;100.000000;0.950000;Random
500;105;4;0.209848;92.2000;62.6000;68.6901;31.3099;90.4762;90.0000;100.0000;1376.373310;256.300000;1119.800000;0.273310;153.506812;100.000000;0.950000;Random
500;105;4;0.208008;92.2000;62.6000;69.9681;30.0319;90.4762;90.0000;100.0000;1364.573190;256.300000;1108.000000;0.273190;152.249261;100.000000;0.950000;Random
500;105;4;0.209275;92.2000;62.2000;68.8103;31.1897;89.5238;89.0000;100.0000;1395.372340;256.300000;1138.800000;0.272340;152.433118;100.000000;0.950000;Random
500;105;4;0.210729;92.2000;62.8000;69.4268;30.5732;90.4762;90.0000;100.0000;1371.473190;256.300000;1114.900000;0.273190;152.113163;100.000000;0.950000;Random
500;105;4;0.206715;92.2000;62.4000;69.2308;30.7692;91.4286;91.0000;100.0000;1377.474720;256.300000;1120.900000;0.274720;152.400233;100.000000;0.950000;Random