1 44.627679 10.905275
2 44.645212 10.845204
3 44.636184 10.894112
4 44.657989 10.915088
5 44.737869 10.927290
6 44.644980 10.935084
7 44.663952 10.925380
8 44.643388 10.930879
9 44.660017 10.922206
10 44.549887 10.943770
11 44.535392 10.795644
12 44.636083 10.908446
13 44.644655 10.914930
14 44.577738 10.839587
15 44.660125 10.884774
16 44.642818 10.895363
17 44.553794 10.778387
18 44.741874 10.923151
19 44.627163 10.938222
20 44.642706 10.890372
21 44.640622 10.969588
22 44.618301 10.825300
23 44.657179 10.898772
24 44.629848 10.936623
25 44.603185 10.969607
26 44.884673 11.069750
27 44.625376 10.918105
28 44.642795 10.939353
29 44.649701 10.892467
30 44.637655 10.924026
31 44.685437 10.894296
32 44.642547 10.944128
33 44.629040 10.975422
34 44.630032 10.960077
35 44.637512 10.954229
36 44.642593 10.930274
37 44.662683 10.962235
38 44.631776 10.905878
39 44.544092 10.778658
40 44.613096 10.935387
41 44.741668 10.925969
42 44.622677 10.912607
43 44.651003 10.935226
44 44.652821 10.904157
45 44.625540 10.960703
46 44.624342 10.909513
47 44.611628 10.934530
48 44.622497 10.943233
49 44.627686 10.935059
50 44.620104 10.931738
51 44.640614 10.915871
52 44.630068 10.924922
53 44.656872 10.892369
54 44.646006 10.887044
55 44.638034 10.938759
56 44.660255 10.898333
57 44.625999 10.946590
58 44.642136 10.927896
59 44.631721 10.885032
60 44.663518 10.895345
61 44.635874 10.917106
62 44.656358 10.944253
63 44.631143 10.904487
64 44.616463 10.925836
65 44.542902 10.955749
66 44.641705 10.908636
67 44.649994 10.899677
68 44.653862 10.917182
69 44.640921 10.807400
70 44.649488 10.936277
71 44.635793 10.865473
72 44.657218 10.899983
73 44.666175 10.931018
74 44.649191 10.924138
75 44.639842 10.839160
76 44.525564 10.892628
77 44.703144 10.949882
78 44.673521 10.912881
79 44.586573 10.932468
80 44.702964 10.952230
81 44.628158 10.917498
82 44.630239 10.974414
83 44.632309 10.922486
84 44.648502 10.921246
85 44.577643 10.942655
86 44.629978 10.935538
87 44.666018 10.943080
88 44.627177 10.925131
89 44.661654 10.965658
90 44.631943 10.934245
91 44.640595 10.919339
92 44.636726 10.941892
93 44.637412 10.941054
94 44.664245 10.858545
95 44.643166 10.932873
96 44.650069 10.903798
97 44.631015 10.917223
98 44.646281 10.843797
99 44.651873 10.918554
100 44.588209 10.970924