1 44.627679 10.905275
2 44.645212 10.845204
3 44.636184 10.894112
4 44.657989 10.915088
5 44.737869 10.927290
6 44.644980 10.935084
7 44.663952 10.925380
8 44.643388 10.930879
9 44.660017 10.922206
10 44.549887 10.943770
11 44.535392 10.795644
12 44.636083 10.908446
13 44.644655 10.914930
14 44.577738 10.839587
15 44.660125 10.884774
16 44.642818 10.895363
17 44.553794 10.778387
18 44.741874 10.923151
19 44.627163 10.938222
20 44.642706 10.890372
21 44.640622 10.969588
22 44.618301 10.825300
23 44.657179 10.898772
24 44.629848 10.936623
25 44.603185 10.969607
26 44.884673 11.069750
27 44.625376 10.918105
28 44.642795 10.939353
29 44.649701 10.892467
30 44.637655 10.924026
31 44.685437 10.894296
32 44.642547 10.944128
33 44.629040 10.975422
34 44.630032 10.960077
35 44.637512 10.954229
36 44.642593 10.930274
37 44.662683 10.962235
38 44.631776 10.905878
39 44.544092 10.778658
40 44.613096 10.935387
41 44.741668 10.925969
42 44.622677 10.912607
43 44.651003 10.935226
44 44.652821 10.904157
45 44.625540 10.960703
46 44.624342 10.909513
47 44.611628 10.934530
48 44.622497 10.943233
49 44.627686 10.935059
50 44.620104 10.931738