Devices;Servers;Tech;ExeTime;DCovered;DServed;DServedEC;DServedCC;SUsed;SUsedEC;SUsedCC;TotalCost;CostNCoverage;CostNService;CostS;Avg.RTime
300;105;4;0.000042;94.3333;57.3333;69.1860;30.8140;72.3810;71.0000;100.0000;886.451660;107.500000;778.700000;0.251660;156.132130
300;105;4;0.000022;94.3333;56.6667;75.8824;24.1176;69.5238;68.0000;100.0000;920.447780;107.500000;812.700000;0.247780;144.401050
300;105;4;0.000020;94.3333;56.0000;73.2143;26.7857;71.4286;70.0000;100.0000;935.049720;107.500000;827.300000;0.249720;148.539876
300;105;4;0.000021;94.3333;56.0000;67.8571;32.1429;68.5714;67.0000;100.0000;947.246980;107.500000;839.500000;0.246980;154.883441
300;105;4;0.000064;94.3333;53.3333;72.5000;27.5000;69.5238;68.0000;100.0000;953.047340;107.500000;845.300000;0.247340;154.582852
300;105;4;0.000026;94.3333;56.3333;74.5562;25.4438;71.4286;70.0000;100.0000;938.150140;107.500000;830.400000;0.250140;147.770142
300;105;4;0.000020;94.3333;56.0000;68.4524;31.5476;67.6190;66.0000;100.0000;928.244870;107.500000;820.500000;0.244870;154.661009
300;105;4;0.000020;94.3333;56.3333;73.3728;26.6272;74.2857;73.0000;100.0000;932.151830;107.500000;824.400000;0.251830;148.644688
300;105;4;0.000020;94.3333;55.6667;70.0599;29.9401;68.5714;67.0000;100.0000;926.145560;107.500000;818.400000;0.245560;155.596926
300;105;4;0.000020;94.3333;59.0000;72.3164;27.6836;71.4286;70.0000;100.0000;857.949270;107.500000;750.200000;0.249270;151.933463
300;105;4;0.000021;94.3333;60.3333;67.9558;32.0442;68.5714;67.0000;100.0000;848.146720;107.500000;740.400000;0.246720;157.507147
300;105;4;0.000021;94.3333;57.3333;70.9302;29.0698;72.3810;71.0000;100.0000;893.449890;107.500000;785.700000;0.249890;154.645266
300;105;4;0.000020;94.3333;54.3333;76.0736;23.9264;68.5714;67.0000;100.0000;984.346740;107.500000;876.600000;0.246740;143.809353
300;105;4;0.000020;94.3333;55.0000;75.7576;24.2424;70.4762;69.0000;100.0000;965.348850;107.500000;857.600000;0.248850;144.694933
300;105;4;0.000020;94.3333;56.0000;73.8095;26.1905;71.4286;70.0000;100.0000;968.049520;107.500000;860.300000;0.249520;144.459482
300;105;4;0.000020;94.3333;57.3333;72.6744;27.3256;65.7143;64.0000;100.0000;925.643640;107.500000;817.900000;0.243640;147.849406
300;105;4;0.000021;94.3333;58.0000;69.5402;30.4598;69.5238;68.0000;100.0000;916.047940;107.500000;808.300000;0.247940;150.518909
300;105;4;0.000021;94.3333;56.3333;68.6391;31.3609;63.8095;62.0000;100.0000;917.740720;107.500000;810.000000;0.240720;157.842439
300;105;4;0.000020;94.3333;55.0000;72.1212;27.8788;67.6190;66.0000;100.0000;953.746160;107.500000;846.000000;0.246160;150.329474
300;105;4;0.000021;94.3333;56.0000;67.8571;32.1429;66.6667;65.0000;100.0000;918.045030;107.500000;810.300000;0.245030;157.802396
300;105;4;0.000019;94.3333;53.3333;73.1250;26.8750;69.5238;68.0000;100.0000;1002.846760;107.500000;895.100000;0.246760;148.166801
300;105;4;0.000020;94.3333;56.3333;76.9231;23.0769;74.2857;73.0000;100.0000;930.355760;107.500000;822.600000;0.255760;144.537255
300;105;4;0.000021;94.3333;59.6667;71.5084;28.4916;71.4286;70.0000;100.0000;851.150790;107.500000;743.400000;0.250790;153.141241
300;105;4;0.000021;94.3333;56.6667;73.5294;26.4706;72.3810;71.0000;100.0000;902.653970;107.500000;794.900000;0.253970;152.572242
300;105;4;0.000020;94.3333;54.3333;76.6871;23.3129;75.2381;74.0000;100.0000;978.354210;107.500000;870.600000;0.254210;143.504544
300;105;4;0.000021;94.3333;59.6667;68.7151;31.2849;73.3333;72.0000;100.0000;859.951630;107.500000;752.200000;0.251630;153.652185
300;105;4;0.000020;94.3333;56.3333;72.7811;27.2189;72.3810;71.0000;100.0000;940.550550;107.500000;832.800000;0.250550;148.022183
300;105;4;0.000020;94.3333;57.0000;69.5906;30.4094;71.4286;70.0000;100.0000;914.349460;107.500000;806.600000;0.249460;152.074702
300;105;4;0.000019;94.3333;53.0000;72.9560;27.0440;72.3810;71.0000;100.0000;987.150520;107.500000;879.400000;0.250520;151.832935
300;105;4;0.000018;94.3333;50.6667;72.3684;27.6316;71.4286;70.0000;100.0000;1041.248540;107.500000;933.500000;0.248540;149.115700
300;105;4;0.000020;94.3333;56.0000;69.6429;30.3571;70.4762;69.0000;100.0000;918.849010;107.500000;811.100000;0.249010;155.313503
300;105;4;0.000019;94.3333;53.3333;77.5000;22.5000;69.5238;68.0000;100.0000;987.247340;107.500000;879.500000;0.247340;143.367036
300;105;4;0.000020;94.3333;57.3333;72.0930;27.9070;72.3810;71.0000;100.0000;900.251230;107.500000;792.500000;0.251230;152.485433
300;105;4;0.000019;94.3333;54.6667;70.7317;29.2683;71.4286;70.0000;100.0000;953.649290;107.500000;845.900000;0.249290;152.630448
300;105;4;0.000019;94.3333;53.6667;77.0186;22.9814;69.5238;68.0000;100.0000;990.346600;107.500000;882.600000;0.246600;144.459769
300;105;4;0.000020;94.3333;57.3333;73.8372;26.1628;70.4762;69.0000;100.0000;906.248850;107.500000;798.500000;0.248850;148.112516
300;105;4;0.000019;94.3333;57.3333;75.0000;25.0000;69.5238;68.0000;100.0000;914.248080;107.500000;806.500000;0.248080;146.335863
300;105;4;0.000019;94.3333;53.3333;76.2500;23.7500;70.4762;69.0000;100.0000;986.049260;107.500000;878.300000;0.249260;146.104575
300;105;4;0.000019;94.3333;55.0000;67.8788;32.1212;66.6667;65.0000;100.0000;942.343220;107.500000;834.600000;0.243220;155.913245
300;105;4;0.000033;94.3333;59.0000;73.4463;26.5537;74.2857;73.0000;100.0000;871.554310;107.500000;763.800000;0.254310;149.717250
300;105;4;0.000019;94.3333;53.3333;73.7500;26.2500;68.5714;67.0000;100.0000;987.847050;107.500000;880.100000;0.247050;148.194883
300;105;4;0.000021;94.3333;56.0000;70.2381;29.7619;68.5714;67.0000;100.0000;962.646230;107.500000;854.900000;0.246230;151.530094
300;105;4;0.000020;94.3333;54.6667;73.7805;26.2195;66.6667;65.0000;100.0000;973.444760;107.500000;865.700000;0.244760;145.620036
300;105;4;0.000020;94.3333;57.6667;71.6763;28.3237;70.4762;69.0000;100.0000;884.750020;107.500000;777.000000;0.250020;152.146555
300;105;4;0.000020;94.3333;55.0000;70.3030;29.6970;69.5238;68.0000;100.0000;945.747450;107.500000;838.000000;0.247450;152.686765
300;105;4;0.000020;94.3333;57.3333;70.9302;29.0698;73.3333;72.0000;100.0000;893.451980;107.500000;785.700000;0.251980;152.887892
300;105;4;0.000020;94.3333;56.6667;68.2353;31.7647;65.7143;64.0000;100.0000;923.441650;107.500000;815.700000;0.241650;156.607712
300;105;4;0.000020;94.3333;57.0000;73.6842;26.3158;76.1905;75.0000;100.0000;909.356460;107.500000;801.600000;0.256460;147.649238
300;105;4;0.000019;94.3333;54.6667;72.5610;27.4390;69.5238;68.0000;100.0000;933.047220;107.500000;825.300000;0.247220;152.194208
300;105;4;0.000021;94.3333;57.3333;68.0233;31.9767;65.7143;64.0000;100.0000;913.643670;107.500000;805.900000;0.243670;154.994714
300;105;4;0.000020;94.3333;56.3333;79.2899;20.7101;77.1429;76.0000;100.0000;936.756460;107.500000;829.000000;0.256460;139.507229
300;105;4;0.000019;94.3333;55.3333;69.2771;30.7229;68.5714;67.0000;100.0000;950.644870;107.500000;842.900000;0.244870;153.447081
300;105;4;0.000019;94.3333;53.3333;72.5000;27.5000;68.5714;67.0000;100.0000;980.247160;107.500000;872.500000;0.247160;149.908970
300;105;4;0.000019;94.3333;53.6667;74.5342;25.4658;72.3810;71.0000;100.0000;1000.153320;107.500000;892.400000;0.253320;145.128130
300;105;4;0.000020;94.3333;55.6667;76.0479;23.9521;67.6190;66.0000;100.0000;961.145960;107.500000;853.400000;0.245960;144.840509
300;105;4;0.000019;94.3333;54.6667;68.9024;31.0976;69.5238;68.0000;100.0000;981.846700;107.500000;874.100000;0.246700;154.639164
300;105;4;0.000019;94.3333;55.3333;72.8916;27.1084;70.4762;69.0000;100.0000;945.449670;107.500000;837.700000;0.249670;149.580258
300;105;4;0.000019;94.3333;53.3333;71.2500;28.7500;70.4762;69.0000;100.0000;1015.647690;107.500000;907.900000;0.247690;152.840720
300;105;4;0.000020;94.3333;56.6667;69.4118;30.5882;69.5238;68.0000;100.0000;908.647150;107.500000;800.900000;0.247150;154.902725
300;105;4;0.000019;94.3333;55.3333;73.4940;26.5060;74.2857;73.0000;100.0000;953.853140;107.500000;846.100000;0.253140;148.190438
300;105;4;0.000018;94.3333;49.3333;76.3514;23.6486;67.6190;66.0000;100.0000;1082.043420;107.500000;974.300000;0.243420;143.617644
300;105;4;0.000019;94.3333;54.0000;70.9877;29.0123;72.3810;71.0000;100.0000;979.249830;107.500000;871.500000;0.249830;153.363772
300;105;4;0.000021;94.3333;56.6667;68.8235;31.1765;67.6190;66.0000;100.0000;920.445800;107.500000;812.700000;0.245800;154.475562
300;105;4;0.000021;94.3333;57.3333;71.5116;28.4884;68.5714;67.0000;100.0000;899.446140;107.500000;791.700000;0.246140;153.442903
300;105;4;0.000020;94.3333;56.6667;71.7647;28.2353;73.3333;72.0000;100.0000;932.452220;107.500000;824.700000;0.252220;149.669297
300;105;4;0.000019;94.3333;53.3333;75.6250;24.3750;73.3333;72.0000;100.0000;1001.651010;107.500000;893.900000;0.251010;146.288042
300;105;4;0.000022;94.3333;60.6667;66.4835;33.5165;67.6190;66.0000;100.0000;837.644460;107.500000;729.900000;0.244460;159.497155
300;105;4;0.000018;94.3333;53.3333;77.5000;22.5000;68.5714;67.0000;100.0000;990.048420;107.500000;882.300000;0.248420;141.858855
300;105;4;0.000020;94.3333;57.6667;73.9884;26.0116;74.2857;73.0000;100.0000;884.154720;107.500000;776.400000;0.254720;150.401106
300;105;4;0.000019;94.3333;56.0000;72.0238;27.9762;70.4762;69.0000;100.0000;918.648310;107.500000;810.900000;0.248310;152.020906
300;105;4;0.000020;94.3333;57.3333;68.6047;31.3953;69.5238;68.0000;100.0000;885.447350;107.500000;777.700000;0.247350;156.715194
300;105;4;0.000019;94.3333;53.0000;72.9560;27.0440;69.5238;68.0000;100.0000;987.347400;107.500000;879.600000;0.247400;148.964200
300;105;4;0.000019;94.3333;54.0000;72.8395;27.1605;69.5238;68.0000;100.0000;994.447720;107.500000;886.700000;0.247720;149.460409
300;105;4;0.000020;94.3333;56.3333;68.6391;31.3609;69.5238;68.0000;100.0000;940.146070;107.500000;832.400000;0.246070;153.067804
300;105;4;0.000021;94.3333;58.0000;72.9885;27.0115;73.3333;72.0000;100.0000;907.851890;107.500000;800.100000;0.251890;146.626742
300;105;4;0.000019;94.3333;50.0000;71.3333;28.6667;65.7143;64.0000;100.0000;1036.442640;107.500000;928.700000;0.242640;151.450965
300;105;4;0.000019;94.3333;52.3333;77.7070;22.2930;69.5238;68.0000;100.0000;1025.347590;107.500000;917.600000;0.247590;138.546169
300;105;4;0.000020;94.3333;55.6667;71.8563;28.1437;72.3810;71.0000;100.0000;938.950910;107.500000;831.200000;0.250910;151.397215
300;105;4;0.000019;94.3333;55.6667;69.4611;30.5389;66.6667;65.0000;100.0000;958.944890;107.500000;851.200000;0.244890;152.042712
300;105;4;0.000020;94.3333;56.3333;71.5976;28.4024;71.4286;70.0000;100.0000;942.348560;107.500000;834.600000;0.248560;151.126537
300;105;4;0.000019;94.3333;53.3333;71.2500;28.7500;70.4762;69.0000;100.0000;1003.848030;107.500000;896.100000;0.248030;154.081229
300;105;4;0.000020;94.3333;57.3333;73.2558;26.7442;71.4286;70.0000;100.0000;925.250910;107.500000;817.500000;0.250910;146.597548
300;105;4;0.000021;94.3333;56.3333;72.7811;27.2189;68.5714;67.0000;100.0000;937.345750;107.500000;829.600000;0.245750;151.349389
300;105;4;0.000027;94.3333;54.3333;69.3252;30.6748;68.5714;67.0000;100.0000;970.943880;107.500000;863.200000;0.243880;156.707792
300;105;4;0.000021;94.3333;58.0000;73.5632;26.4368;74.2857;73.0000;100.0000;902.251940;107.500000;794.500000;0.251940;147.563018
300;105;4;0.000020;94.3333;57.0000;74.2690;25.7310;74.2857;73.0000;100.0000;911.553440;107.500000;803.800000;0.253440;149.387581
300;105;4;0.000021;94.3333;57.3333;68.0233;31.9767;77.1429;76.0000;100.0000;905.055600;107.500000;797.300000;0.255600;158.474183
300;105;4;0.000019;94.3333;54.0000;75.3086;24.6914;74.2857;73.0000;100.0000;984.653590;107.500000;876.900000;0.253590;144.063335
300;105;4;0.000020;94.3333;57.6667;74.5665;25.4335;73.3333;72.0000;100.0000;916.351590;107.500000;808.600000;0.251590;147.350515
300;105;4;0.000020;94.3333;55.0000;73.3333;26.6667;69.5238;68.0000;100.0000;956.547170;107.500000;848.800000;0.247170;149.748706
300;105;4;0.000020;94.3333;55.6667;69.4611;30.5389;69.5238;68.0000;100.0000;951.948040;107.500000;844.200000;0.248040;155.516239
300;105;4;0.000022;94.3333;60.0000;67.2222;32.7778;70.4762;69.0000;100.0000;862.051150;107.500000;754.300000;0.251150;156.751973
300;105;4;0.000020;94.3333;57.6667;73.9884;26.0116;73.3333;72.0000;100.0000;914.551970;107.500000;806.800000;0.251970;146.933688
300;105;4;0.000020;94.3333;54.6667;69.5122;30.4878;68.5714;67.0000;100.0000;964.246360;107.500000;856.500000;0.246360;154.402504
300;105;4;0.000019;94.3333;55.3333;69.8795;30.1205;69.5238;68.0000;100.0000;960.847750;107.500000;853.100000;0.247750;153.902189
300;105;4;0.000020;94.3333;55.6667;69.4611;30.5389;70.4762;69.0000;100.0000;953.948100;107.500000;846.200000;0.248100;154.922884
300;105;4;0.000020;94.3333;55.6667;71.8563;28.1437;68.5714;67.0000;100.0000;943.946450;107.500000;836.200000;0.246450;148.134780
300;105;4;0.000020;94.3333;58.0000;70.1149;29.8851;71.4286;70.0000;100.0000;898.049580;107.500000;790.300000;0.249580;154.877383
300;105;4;0.000020;94.3333;57.6667;69.3642;30.6358;71.4286;70.0000;100.0000;888.949270;107.500000;781.200000;0.249270;156.251756
300;105;4;0.000020;94.3333;58.3333;70.8571;29.1429;68.5714;67.0000;100.0000;876.147830;107.500000;768.400000;0.247830;153.107940
300;105;4;0.000020;94.3333;51.3333;68.8312;31.1688;62.8571;61.0000;100.0000;1010.837780;107.500000;903.100000;0.237780;156.799439
300;105;4;0.000019;94.3333;53.6667;70.8075;29.1925;68.5714;67.0000;100.0000;974.345920;107.500000;866.600000;0.245920;153.484257
300;105;4;0.000020;94.3333;55.0000;66.6667;33.3333;68.5714;67.0000;100.0000;970.145620;107.500000;862.400000;0.245620;156.351771
300;105;4;0.000020;94.3333;54.3333;71.1656;28.8344;62.8571;61.0000;100.0000;971.738990;107.500000;864.000000;0.238990;152.001279
300;105;4;0.000019;94.3333;52.0000;68.5897;31.4103;65.7143;64.0000;100.0000;1017.842500;107.500000;910.100000;0.242500;153.502368
300;105;4;0.000019;94.3333;54.6667;73.7805;26.2195;67.6190;66.0000;100.0000;966.045270;107.500000;858.300000;0.245270;146.287918
300;105;4;0.000019;94.3333;55.0000;73.9394;26.0606;70.4762;69.0000;100.0000;970.749240;107.500000;863.000000;0.249240;147.038720
300;105;4;0.000019;94.3333;53.0000;72.9560;27.0440;72.3810;71.0000;100.0000;997.151370;107.500000;889.400000;0.251370;149.905740
300;105;4;0.000020;94.3333;54.3333;71.7791;28.2209;71.4286;70.0000;100.0000;957.549610;107.500000;849.800000;0.249610;151.815812
300;105;4;0.000020;94.3333;56.0000;68.4524;31.5476;65.7143;64.0000;100.0000;917.243050;107.500000;809.500000;0.243050;156.189690
300;105;4;0.000020;94.3333;56.0000;69.6429;30.3571;74.2857;73.0000;100.0000;939.452580;107.500000;831.700000;0.252580;152.914808
300;105;4;0.000020;94.3333;59.0000;68.3616;31.6384;68.5714;67.0000;100.0000;869.946840;107.500000;762.200000;0.246840;158.086553
300;105;4;0.000020;94.3333;55.6667;71.8563;28.1437;69.5238;68.0000;100.0000;944.546810;107.500000;836.800000;0.246810;149.744807
300;105;4;0.000019;94.3333;54.0000;73.4568;26.5432;74.2857;73.0000;100.0000;968.053440;107.500000;860.300000;0.253440;146.965622
300;105;4;0.000030;94.3333;55.6667;72.4551;27.5449;68.5714;67.0000;100.0000;962.544350;107.500000;854.800000;0.244350;148.454256
300;105;4;0.000020;94.3333;54.3333;74.2331;25.7669;68.5714;67.0000;100.0000;965.147540;107.500000;857.400000;0.247540;146.319117
300;105;4;0.000021;94.3333;56.6667;65.8824;34.1176;64.7619;63.0000;100.0000;919.441200;107.500000;811.700000;0.241200;159.666460
300;105;4;0.000020;94.3333;53.3333;68.1250;31.8750;67.6190;66.0000;100.0000;988.243980;107.500000;880.500000;0.243980;155.332777
300;105;4;0.000021;94.3333;56.6667;68.2353;31.7647;72.3810;71.0000;100.0000;919.049040;107.500000;811.300000;0.249040;156.888778
300;105;4;0.000020;94.3333;57.0000;73.0994;26.9006;70.4762;69.0000;100.0000;929.146850;107.500000;821.400000;0.246850;147.906940